Parameter containing:
tensor([[ 3.7102e-02, -1.6620e-02,  1.0546e-01,  ..., -6.7527e-02,
         -5.6561e-02,  1.2759e-02],
        [-5.0641e-03, -1.5443e-01, -5.7046e-02,  ..., -4.1723e-02,
          3.7752e-02, -8.3215e-02],
        [-1.6701e-03, -1.2497e-02, -1.2771e-02,  ..., -6.3722e-05,
         -5.5188e-02, -3.2645e-02],
        ...,
        [-5.9532e-02, -3.2827e-02, -2.3344e-02,  ..., -1.4060e-01,
         -1.7961e-01, -3.8100e-02],
        [-6.1673e-02,  2.7524e-01,  4.5130e-02,  ...,  1.7332e-01,
         -8.6946e-02, -3.0891e-01],
        [-6.6086e-02,  2.4473e-02, -1.6237e-01,  ..., -2.7787e-01,
         -2.2379e-01, -6.5235e-02]], device='cuda:0', requires_grad=True)
Parameter containing:
tensor([-1.1409e-01, -5.7637e-02, -3.7566e-02, -1.7497e-01, -1.5427e-01,
        -8.1180e-02,  2.8577e-03, -8.4363e-02, -8.9429e-03, -1.1903e-01,
        -9.1585e-02, -1.7810e-01, -8.1220e-02, -2.2335e-01, -2.0661e-01,
        -1.1824e-02, -1.2389e-02, -6.8788e-02, -1.1628e-01, -5.1352e-02,
        -1.2039e-01, -4.8508e-02, -5.8083e-02, -1.0118e-01, -1.1718e-01,
        -2.2801e-01, -7.2451e-02, -2.6228e-02, -4.4560e-02, -5.7329e-01,
        -3.2345e-02, -5.2716e-06, -2.5886e-01, -1.2186e-02, -1.0413e-01,
        -1.0731e-01, -1.0844e-01, -2.9339e-01, -4.9963e-01, -2.9781e-01,
        -4.0239e-02, -8.8504e-02, -3.0115e-01, -8.8055e-02, -1.2491e-01,
        -4.2278e-02, -1.4818e-01, -6.6929e-02, -1.6607e-01, -2.0338e-01,
        -7.3590e-02, -8.1002e-02, -1.2533e-02, -1.3857e-01, -1.6244e-01,
        -2.3843e-01, -4.3734e-02, -2.6405e-02, -1.1587e-01, -6.8963e-01,
        -9.9381e-02, -1.0738e-01, -2.3681e-01, -4.9418e-02, -6.2200e-02,
        -1.6670e-01, -4.4983e-01, -1.0873e-01, -4.7806e-02, -1.3641e-02,
         2.4743e-02, -6.1819e-02, -3.9150e-02, -1.0585e-01, -5.2145e-02,
        -1.5939e-01, -2.0193e-01, -1.9630e-01, -5.2910e-02, -7.1387e-02,
        -1.3750e-02, -8.5513e-02, -1.2467e-01,  4.5260e-03, -9.6843e-02,
        -1.1460e-01, -8.9481e-02, -4.8252e-02, -6.3041e-01, -1.3166e-02,
        -9.1533e-02, -1.0718e-01, -5.1679e-01, -3.7642e-02, -1.9368e-02,
        -1.6381e-02,  1.2541e-02, -2.5206e-02, -4.8033e-02, -7.2642e-03,
        -3.7797e-01, -2.1584e-02, -4.1601e-01, -1.3770e-01, -1.1315e-01,
        -7.6316e-02, -2.8150e-02, -3.4440e-01, -3.0303e-01,  1.4557e-02,
        -1.9726e-02, -5.7098e-02, -1.9852e-01, -1.6503e-01, -5.9129e-02,
        -1.3798e-01, -1.5645e-02, -5.3746e-02, -2.3981e-01, -2.5716e-02,
        -2.6585e-03, -4.1013e-02,  4.9963e-04, -7.7335e-01, -8.1672e-01,
        -1.0259e-01, -4.0795e-02, -3.1412e-02, -1.3014e-01, -8.4172e-01,
        -8.8623e-02, -3.1748e-02, -6.8149e-02, -2.5563e-01, -6.9380e-02,
        -4.4805e-02, -1.3291e-01, -2.1985e-01, -3.9421e-02, -2.4711e-01,
        -1.1988e-01, -1.7579e-01, -1.5122e-01, -2.9122e-02, -2.2154e-01,
        -1.3284e-01, -2.1154e-01, -6.6048e-02, -1.0710e-01, -5.4201e-03,
        -2.3557e-02, -4.5470e-02, -2.2931e-01, -2.6645e-01, -1.1696e-01,
        -1.8116e-01, -4.4939e-02, -4.6537e-02, -9.0482e-01, -3.5337e-01,
        -8.2462e-02, -1.6122e-01, -2.1775e-01, -6.4227e-03, -1.9642e-01,
        -8.2575e-02, -1.0262e-02, -6.3542e-02, -2.7729e-01, -7.2028e-02,
        -8.1866e-02, -4.6033e-02, -7.0598e-02, -3.1836e-02, -3.8375e-02,
        -8.3057e-02, -1.9986e-01, -6.6460e-02, -1.6984e-01, -6.5278e-02,
        -9.2058e-02, -1.4542e-01, -1.0107e-01, -5.2755e-02, -1.5349e-03,
        -6.8965e-01, -1.4841e-02, -1.2823e-01, -2.9755e-02, -1.1359e-01,
        -6.5409e-02, -5.9822e-02, -5.6005e-02, -1.1292e-01, -7.3610e-02,
        -3.0902e-02, -5.8149e-02, -7.6159e-01, -3.7929e-02, -6.9541e-02,
        -7.7576e-02, -1.1715e-01, -8.2980e-03, -4.7495e-02, -6.5882e-03,
        -4.9576e-02, -9.1308e-02, -5.3174e-02, -1.9679e-01, -1.4919e-01,
        -1.1877e-02, -4.0408e-01, -5.1299e-02, -6.2118e-02, -1.0319e-01,
        -4.6955e-02,  4.1774e-02, -8.0198e-02, -1.5359e-01, -8.0227e-02,
        -6.0722e-02, -1.3521e-01,  2.3770e-01, -2.3521e-01, -2.8152e-01,
        -2.7152e-02, -2.2287e-02, -4.3465e-01, -2.8539e-02, -1.0382e-01,
        -9.1349e-02, -5.3042e-02, -1.4379e-01, -1.2305e-01, -1.1320e-01,
        -6.3565e-02, -9.5372e-03, -7.9023e-02, -1.4477e-01, -1.8618e-01,
        -1.3018e-02, -1.5870e-01, -7.0071e-02, -2.7690e-02, -5.6777e-02,
        -3.9862e-02, -9.2731e-02, -2.6679e-02, -2.2688e-01, -1.7824e-01,
        -1.2156e-02, -4.4004e-02, -9.2039e-02, -8.8865e-02, -1.6131e-01,
        -9.0321e-02, -1.9370e-02, -2.4503e-01, -1.5747e-01, -2.5631e-02,
        -3.8822e-02, -5.0095e-02, -3.1203e-02, -2.1983e-01, -1.1304e-01,
        -1.8255e-01,  2.3808e-01, -5.7181e-02, -4.9472e-02, -4.4193e-02,
        -7.8827e-02, -8.5976e-02, -3.3038e-01, -1.1808e-01, -4.1597e-01,
        -1.8111e-02, -1.1536e-01, -1.4468e-01, -3.4590e-02, -1.8786e-01,
        -5.2234e-02, -7.3420e-02, -4.6918e-02, -1.0144e-01, -4.0712e-01,
        -3.2625e-02, -1.5672e-01, -2.9320e-01, -1.5002e-01, -2.2895e-02,
        -7.2538e-02, -8.1804e-02, -2.7907e-02, -6.2099e-02, -1.0762e-01,
        -7.1437e-02, -5.9777e-02, -2.3710e-01, -1.0390e-01, -7.3568e-01,
        -9.4402e-02, -2.8912e-01, -5.8921e-02, -1.8934e-02, -2.1737e-02,
        -1.1225e-01, -2.2318e-01, -7.2429e-02, -7.1323e-02, -8.7821e-02,
        -1.3623e-01, -1.2691e-01, -6.1892e-02, -7.0159e-02, -6.9897e-02,
         8.8254e-02, -2.6778e-01, -1.1358e-01, -1.8347e-01, -3.9588e-02,
        -1.8592e-01, -3.2315e-02, -7.7337e-02, -2.2728e-01, -2.8310e-01,
        -1.5802e-01, -5.9572e-02, -4.8557e-02, -4.4330e-02, -1.9189e-02,
        -1.5568e-01,  3.0771e-01, -3.8746e-02, -3.1817e-01, -1.0356e-01,
        -3.8147e-01, -9.4558e-02, -4.2520e-02, -8.5845e-02, -5.9453e-02,
        -2.1032e-01, -4.3008e-02, -3.8075e-02, -3.6021e-01,  2.3470e-03,
        -8.4386e-02, -5.2724e-02, -1.0168e-01, -5.4944e-02, -7.8446e-02,
        -8.2908e-02, -2.5742e-01, -2.2114e-01, -2.1724e-01, -9.8313e-02,
        -6.6383e-02, -5.8012e-02, -2.5274e-01, -5.5562e-02, -2.9310e-02,
        -1.4748e-01, -3.9895e-02, -1.0535e-01, -2.3016e-01, -1.0230e-01,
        -7.8123e-02, -7.4395e-02, -5.4483e-02, -1.2441e-02, -6.5605e-02,
         1.0640e-01, -9.3491e-02, -8.5412e-02, -9.8909e-02, -8.3140e-02,
        -1.0729e-01, -5.8413e-01, -1.7481e-01, -2.8048e-02, -1.3538e-01,
        -1.7421e-02, -4.2734e-02, -1.3377e-01, -3.6344e-01, -3.8353e-01,
        -4.2350e-02, -7.7228e-02, -2.9270e-01, -1.7476e-01, -1.3537e-01,
        -3.6158e-02, -1.3277e+00, -4.2290e-02, -6.7109e-02, -4.8174e-01,
        -1.8784e-01, -1.0881e-01, -2.0366e-02, -1.4720e-01, -1.9099e-01,
        -6.9434e-02, -1.6415e-01, -4.4310e-02, -1.4048e-01, -9.4839e-02,
        -7.2211e-02, -1.4842e-01, -3.1714e-01, -9.3951e-01, -2.3359e-02,
        -1.2154e-01, -6.8185e-01, -4.8929e-02, -8.3284e-02, -1.0243e-01,
        -2.0069e-02, -5.7354e-02, -2.7621e-02, -8.9018e-01, -8.2768e-02,
        -3.0031e-01, -4.3939e-02, -2.1418e-03, -4.1706e-01, -3.6589e-01,
        -9.8973e-02, -4.0164e-01, -3.0238e-01, -5.4384e-02, -2.6449e-02,
        -1.3221e-01, -1.1838e-01, -4.3226e-02, -8.3468e-01, -1.1001e+00,
        -7.8675e-02, -5.3664e-02, -6.1584e-02, -1.2817e-01, -3.5797e-02,
        -3.7218e-02, -7.2401e-02, -2.6180e-02, -4.4958e-02, -5.9465e-02,
        -2.5633e-01, -2.4036e-02, -3.1990e-03, -1.0471e-01, -5.2666e-02,
        -1.3652e-01, -3.9816e-02, -8.7569e-02, -1.7941e-02, -1.9292e-01,
        -6.0788e-02,  8.5201e-03, -2.4260e-01, -5.9261e-02, -1.6182e-01,
        -2.0522e-01, -2.5247e-02,  2.8022e-01, -6.7506e-03, -3.0096e-01,
        -7.2103e-01, -3.1585e-02, -5.7017e-02, -6.0675e-02, -4.3145e-02,
        -2.2007e-01, -2.1942e-01, -6.0790e-02, -2.2187e-01, -1.5332e-02,
        -5.5091e-02, -1.1142e-01, -3.5896e-02, -6.0679e-02, -1.1902e-01,
        -2.9332e-01, -4.9202e-02, -3.4042e-01, -4.0268e-02, -4.5337e-02,
        -1.1655e-01, -3.5607e-02, -1.2427e-01, -3.9903e-02, -2.4195e-01,
        -1.1809e-01, -1.3244e-01, -5.7198e-02, -9.7084e-02, -1.2454e-01,
        -6.5579e-02, -6.0639e-02, -1.0957e-01, -2.3916e-01, -1.8475e-02,
        -9.6549e-02, -1.3484e-01, -3.7606e-02, -6.2616e-02, -5.0736e-02,
        -2.3682e-02,  1.5637e-01, -1.7619e-01, -9.5691e-01, -2.1928e-01,
        -2.7260e-01, -2.5105e-01], device='cuda:0', requires_grad=True)
Parameter containing:
tensor([[-0.0242,  0.1042, -0.0779,  ..., -0.0364,  0.0454, -0.0072],
        [-0.0136,  0.0974, -0.0336,  ..., -0.0231,  0.1068, -0.0512],
        [ 0.0171,  0.0840, -0.0301,  ...,  0.0054,  0.0893,  0.0383],
        ...,
        [ 0.0881,  0.1366, -0.2177,  ..., -0.1762,  0.0176,  0.0139],
        [ 1.3403,  0.2104, -0.6210,  ...,  1.4335, -1.1111,  0.3458],
        [ 0.3657,  0.3938, -0.3286,  ..., -0.4305,  0.0919, -0.2160]],
       device='cuda:0', requires_grad=True)
Parameter containing:
tensor([-8.8803e-02, -9.4120e-02, -8.8707e-02, -1.8453e-01, -1.2731e-01,
        -1.0497e-01,  3.5488e-02, -1.0124e-01,  3.6785e-02, -1.3311e-01,
        -3.6471e-02, -2.1237e-01, -7.4007e-02, -2.1335e-01, -1.6605e-01,
        -2.5410e-02,  2.0037e-03, -2.3947e-02, -1.4619e-01, -5.4675e-02,
        -1.3115e-01, -5.9879e-02, -7.2633e-02, -7.9002e-02, -9.7242e-02,
        -1.9392e-01, -7.6807e-02, -7.0453e-02, -4.3873e-02, -5.5244e-01,
        -6.6391e-02, -4.8789e-02, -2.7937e-01, -1.5902e-02, -9.3979e-02,
        -1.6950e-01, -1.2672e-01, -3.4076e-01, -5.1861e-01, -2.8972e-01,
        -8.0861e-02, -5.7826e-02, -2.5973e-01, -6.6946e-02, -1.4228e-01,
        -3.4801e-02, -9.0756e-02, -8.3314e-02, -1.4815e-01, -2.2619e-01,
        -1.1221e-01, -5.6030e-02, -7.6864e-03, -1.5454e-01, -1.8431e-01,
        -2.0334e-01, -1.8647e-02, -4.7656e-02, -1.1487e-01, -6.4974e-01,
        -1.2171e-01, -8.6419e-02, -2.5938e-01, -4.6367e-02, -4.8430e-02,
        -1.9889e-01, -4.8272e-01, -1.0348e-01,  1.0625e-02, -1.4892e-02,
         2.6003e-02, -2.3524e-02, -8.6008e-02, -1.2510e-01, -8.0204e-02,
        -1.7946e-01, -1.7131e-01, -2.1993e-01, -3.0567e-02, -7.7479e-02,
        -7.0476e-02, -1.1486e-01, -1.4607e-01,  1.3738e-03, -8.9572e-02,
        -8.4844e-02, -7.7268e-02, -4.5193e-02, -6.5843e-01, -2.0904e-02,
        -1.1937e-01, -1.1580e-01, -4.9384e-01, -4.1760e-03, -6.7090e-02,
        -1.1335e-02,  3.4118e-02, -4.7694e-02, -3.6240e-02, -3.0592e-03,
        -3.8363e-01, -4.6978e-02, -4.1806e-01, -1.3464e-01, -7.5318e-02,
        -6.3193e-02, -9.0812e-03, -3.5080e-01, -3.3923e-01,  1.8192e-02,
         2.5599e-03, -6.9588e-02, -1.5265e-01, -2.0250e-01, -3.6224e-02,
        -1.5134e-01,  1.6063e-02, -4.1798e-02, -2.4345e-01, -2.8913e-02,
         2.2049e-02, -1.1990e-02,  2.7554e-02, -7.4756e-01, -7.9960e-01,
        -8.8120e-02, -7.1434e-03, -3.3827e-02, -1.4139e-01, -7.9687e-01,
        -1.0107e-01, -1.1463e-02, -1.1853e-01, -2.8623e-01, -9.6992e-02,
        -5.2511e-02, -1.3459e-01, -1.6458e-01,  4.9050e-03, -2.4600e-01,
        -9.4384e-02, -2.3309e-01, -1.2413e-01,  1.0361e-02, -2.1698e-01,
        -1.5949e-01, -1.7442e-01, -7.0628e-02, -7.4447e-02,  1.6921e-02,
        -4.1897e-03, -6.9497e-02, -2.3364e-01, -2.4379e-01, -1.5525e-01,
        -1.4399e-01, -6.8741e-02, -1.1191e-02, -9.1187e-01, -3.6630e-01,
        -6.3695e-02, -1.4832e-01, -1.8169e-01, -6.4395e-02, -1.8608e-01,
        -1.0973e-01, -1.1932e-02, -4.5028e-02, -2.2382e-01, -2.9408e-02,
        -5.2871e-02, -1.8644e-02, -5.8738e-02, -2.5642e-02, -3.5840e-02,
        -1.4000e-01, -2.5373e-01, -6.5323e-02, -1.3756e-01, -7.3368e-02,
        -1.1436e-01, -9.1349e-02, -4.2081e-02, -4.2922e-02,  1.5364e-02,
        -7.0385e-01, -1.6877e-02, -1.0921e-01, -6.4719e-02, -1.3211e-01,
        -6.4417e-02, -9.3937e-02, -9.6379e-02, -1.2789e-01, -6.5632e-02,
        -5.6358e-02, -7.0479e-02, -7.1544e-01, -3.7516e-02, -6.6521e-02,
        -1.1389e-01, -1.0389e-01, -5.6839e-02,  1.6907e-02,  3.5796e-03,
        -1.2038e-02, -8.7217e-02, -2.0636e-02, -2.1652e-01, -9.7014e-02,
         1.9046e-02, -3.9131e-01, -7.7791e-02, -9.9574e-02, -8.9190e-02,
        -9.1112e-04,  1.1723e-02, -5.3351e-02, -1.0955e-01, -5.6212e-02,
        -8.8287e-03, -1.1769e-01,  2.8436e-01, -2.5843e-01, -2.7522e-01,
        -3.9207e-02, -3.5209e-02, -3.9055e-01, -5.1480e-02, -1.3536e-01,
        -1.0980e-01, -3.7427e-02, -1.2944e-01, -1.4019e-01, -1.1034e-01,
        -6.1536e-02,  1.5119e-02, -7.3582e-02, -1.9262e-01, -1.8040e-01,
        -2.1702e-02, -1.7891e-01, -3.7171e-02, -4.1327e-02, -4.3741e-02,
        -6.0075e-02, -1.1636e-01, -1.0171e-02, -2.1360e-01, -1.2792e-01,
         2.5612e-02, -2.1313e-02, -4.3379e-02, -5.8226e-02, -1.1172e-01,
        -1.2413e-01, -3.9660e-02, -2.4108e-01, -1.5889e-01, -6.2217e-02,
        -4.0519e-02, -5.9543e-02, -7.0800e-02, -2.1128e-01, -1.6084e-01,
        -1.5016e-01,  2.1357e-01, -1.4187e-02, -7.4102e-02, -4.0596e-02,
        -1.1715e-01, -1.2143e-01, -3.7283e-01, -1.2205e-01, -4.1344e-01,
        -1.8260e-02, -1.0649e-01, -1.7390e-01, -3.7635e-02, -2.3821e-01,
        -3.8032e-02, -1.3291e-01, -2.2583e-02, -1.5326e-01, -4.4261e-01,
        -3.1100e-02, -1.3662e-01, -2.7532e-01, -1.3310e-01, -1.3081e-02,
        -6.5492e-02, -1.2630e-01, -6.6560e-02, -7.0312e-02, -1.2076e-01,
        -8.4369e-02, -4.6008e-02, -2.5569e-01, -1.0020e-01, -7.4668e-01,
        -5.2041e-02, -2.6655e-01, -4.2099e-02, -1.0918e-03,  1.9022e-03,
        -9.4585e-02, -1.7589e-01, -2.7654e-02, -9.9341e-02, -8.0725e-02,
        -1.6321e-01, -1.4165e-01, -8.8575e-02, -7.0665e-02, -6.2455e-02,
         1.0488e-01, -2.4585e-01, -7.8245e-02, -1.7395e-01, -9.1860e-02,
        -1.9834e-01, -2.4544e-02, -1.1262e-01, -2.2713e-01, -2.4927e-01,
        -1.8913e-01, -1.0500e-01, -8.8921e-02, -7.3382e-02, -2.7438e-02,
        -1.4998e-01,  3.1691e-01, -6.7294e-02, -3.1323e-01, -1.5752e-01,
        -3.5886e-01, -6.5051e-02, -4.3441e-02, -9.7250e-02, -3.5898e-02,
        -2.2849e-01, -1.7990e-02, -4.0072e-02, -3.3574e-01, -5.6890e-02,
        -1.1435e-01,  1.0169e-02, -6.0079e-02, -1.7143e-02, -1.0938e-01,
        -7.7087e-02, -2.5592e-01, -2.3509e-01, -2.0262e-01, -8.6954e-02,
        -4.6640e-02, -1.6882e-02, -3.0196e-01, -4.3855e-02, -5.5178e-02,
        -1.2944e-01, -3.9631e-02, -4.6181e-02, -2.3167e-01, -1.0580e-01,
        -7.3246e-02, -4.4105e-02, -4.6777e-02, -1.3625e-02, -3.8848e-03,
         5.9798e-02, -7.9537e-02, -4.3267e-02, -1.5169e-01, -8.1414e-02,
        -1.0074e-01, -6.3070e-01, -1.5969e-01, -2.2240e-02, -1.7609e-01,
         4.2319e-03, -5.2910e-02, -1.7120e-01, -3.6569e-01, -3.5186e-01,
        -3.7944e-02, -3.8803e-02, -2.9772e-01, -1.8395e-01, -1.1237e-01,
        -4.0237e-02, -1.3509e+00, -9.4071e-02, -1.0915e-01, -5.2008e-01,
        -1.5741e-01, -6.8817e-02, -3.2692e-02, -1.5261e-01, -1.4037e-01,
        -4.1523e-02, -1.9998e-01, -2.8506e-02, -1.4089e-01, -1.1228e-01,
        -7.4147e-02, -1.4715e-01, -3.0105e-01, -9.1614e-01, -3.9124e-02,
        -1.0171e-01, -6.7034e-01, -6.1530e-02, -1.3022e-01, -1.1404e-01,
         1.0201e-02, -5.6885e-02, -4.5251e-02, -9.1915e-01, -1.0267e-01,
        -2.6238e-01, -1.0340e-01, -1.4992e-02, -4.5179e-01, -3.8695e-01,
        -6.5519e-02, -4.3437e-01, -3.4849e-01, -3.0493e-02, -2.1376e-02,
        -1.1030e-01, -1.4376e-01, -4.8582e-02, -8.6318e-01, -1.0639e+00,
        -6.8598e-02, -8.1447e-02, -1.0467e-01, -1.2579e-01, -2.5022e-02,
        -4.5832e-02, -6.3899e-02,  8.4726e-03, -7.8318e-02, -1.0169e-01,
        -2.6437e-01, -3.7800e-02,  2.4990e-02, -8.4641e-02, -3.5675e-02,
        -1.1626e-01, -7.2853e-02, -4.5367e-02, -5.0044e-02, -1.4352e-01,
        -3.8109e-02,  1.5844e-02, -1.9221e-01, -8.4745e-03, -1.5491e-01,
        -1.8251e-01, -7.3626e-02,  3.3210e-01, -1.3183e-02, -2.8043e-01,
        -7.3207e-01, -5.5110e-02, -5.4212e-02, -8.0045e-02, -3.0790e-02,
        -2.1092e-01, -1.8794e-01, -7.7227e-02, -2.0626e-01, -3.9780e-02,
        -1.1567e-02, -1.1233e-01, -6.0129e-02, -8.6100e-02, -1.0185e-01,
        -3.2811e-01, -5.8781e-02, -3.8235e-01, -1.1124e-02, -6.8480e-02,
        -9.2595e-02, -5.2863e-02, -1.2136e-01, -2.0950e-03, -2.1744e-01,
        -7.5447e-02, -1.5640e-01, -1.7343e-02, -1.0925e-01, -1.0941e-01,
        -7.8535e-02, -7.6851e-02, -9.3073e-02, -1.8651e-01, -1.2006e-02,
        -1.4654e-01, -1.1095e-01, -6.0888e-02, -8.6170e-02, -6.5965e-02,
        -2.6949e-02,  1.1556e-01, -1.7848e-01, -1.0176e+00, -1.9313e-01,
        -2.3825e-01, -2.5068e-01], device='cuda:0', requires_grad=True)
Parameter containing:
tensor([[ 8.8582e-03, -4.0665e-02, -4.3256e-04,  2.5207e-02,  3.9397e-02,
          2.2077e-02, -2.2358e-02, -2.8817e-02, -2.8667e-02,  4.4298e-02,
         -2.2996e-02, -3.4218e-03, -1.9382e-02,  8.8186e-03, -2.6208e-02,
          2.9202e-02, -8.7864e-03, -1.4620e-02,  9.1510e-02,  1.2186e-02,
         -8.1876e-03, -1.4111e-02, -3.8648e-02, -2.4773e-02, -7.8932e-02,
          1.0134e-02, -1.3049e-02,  2.1901e-02, -1.8134e-02,  8.0413e-03,
          2.5371e-02,  1.2185e-02, -8.6393e-04, -2.4053e-02, -2.3012e-02,
         -1.5579e-02,  3.2115e-03, -1.5994e-03, -2.6121e-01, -4.8595e-02,
         -5.1961e-02,  5.0358e-03,  3.3569e-03, -4.0140e-02, -1.6532e-02,
         -2.4973e-02, -8.3274e-03, -1.3069e-02, -5.6932e-03,  2.9037e-03,
         -4.8405e-02, -2.4461e-02,  2.9766e-02,  1.3302e-02, -3.1806e-02,
          2.9430e-02,  5.8903e-03,  2.2199e-02,  2.5505e-02, -4.7285e-02,
          2.3831e-02, -9.8793e-03, -6.9492e-02, -7.7603e-04,  2.2467e-02,
         -2.0033e-02,  1.0599e-01,  3.0167e-02,  6.2770e-03, -1.9840e-02,
         -5.0587e-02, -2.7800e-02, -1.0579e-02,  5.2809e-02, -4.0317e-02,
         -1.3949e-02,  2.4213e-02,  6.6012e-03, -1.8436e-02, -2.8441e-02,
         -1.0435e-02, -3.1150e-02,  2.4043e-02,  1.9583e-02, -2.6951e-02,
          8.2885e-03, -2.0610e-02,  1.8706e-02, -8.9558e-04, -8.3901e-03,
          8.3802e-04,  1.2506e-03,  6.9837e-02, -7.8354e-03, -2.1446e-02,
         -6.5814e-02,  1.1458e-02,  4.4087e-02, -2.6118e-02,  1.6417e-02,
         -4.8216e-02,  4.9811e-02,  3.7803e-02, -1.2739e-02, -2.0141e-02,
         -3.3904e-03, -1.2074e-02, -4.5738e-02, -4.0651e-02,  6.2233e-03,
          4.7171e-03,  6.2245e-02,  9.7061e-03,  1.0404e-02, -2.6825e-02,
          1.8815e-03, -8.1072e-02, -3.2065e-02, -2.1136e-02,  7.6761e-03,
          3.6658e-03, -1.9667e-02, -3.3495e-02,  7.8278e-03, -6.6882e-03,
          7.1777e-02,  2.0541e-02,  4.5241e-03,  7.1476e-03, -5.1667e-04,
          6.6702e-02, -2.8779e-03,  5.3699e-03,  2.1251e-02,  3.0644e-02,
          7.7839e-03, -5.8805e-04, -4.6930e-02, -1.7536e-02, -1.4859e-02,
          6.5405e-02, -4.6364e-02, -3.6327e-02, -8.0114e-02,  6.7971e-03,
         -1.2908e-01, -2.9846e-02,  5.3878e-02,  4.0770e-03, -2.0671e-02,
         -8.9706e-03, -3.5389e-02, -1.9433e-02,  3.5574e-02, -1.4626e-02,
          1.0351e-02, -1.2494e-02, -5.0836e-03,  3.0304e-03, -9.8196e-03,
          2.1625e-02, -1.4444e-02, -8.9020e-02,  3.3439e-02, -1.3789e-01,
          6.2978e-02, -8.1616e-03,  1.9401e-02,  3.3919e-02,  5.4153e-03,
         -2.5854e-02,  1.7672e-02, -2.9383e-02,  5.2755e-03,  5.3698e-02,
          1.8043e-02,  1.5844e-03, -1.3667e-02,  3.2144e-03,  2.4147e-03,
          2.4067e-03, -4.3107e-02,  1.9268e-02,  4.5076e-06, -2.2784e-02,
          5.3759e-03, -7.5301e-03, -2.2602e-02,  1.5012e-02,  1.2006e-01,
          1.1803e-02,  9.9437e-05,  1.4131e-02,  1.6705e-02,  1.1562e-02,
          2.3759e-02, -9.2508e-03, -8.7628e-03,  4.7341e-03, -5.1888e-02,
          2.7766e-02, -2.6682e-02, -7.4757e-03, -2.6988e-02, -5.9036e-03,
          4.5754e-03,  2.5887e-02,  4.3122e-03,  2.6143e-02,  2.8278e-02,
         -2.9730e-02,  2.0107e-01, -5.8551e-03, -2.0450e-02, -1.2625e-03,
         -2.5545e-02, -6.6620e-02,  3.0789e-02, -2.5347e-02, -1.3206e-02,
          1.9375e-02, -2.3805e-02, -4.2979e-02, -5.8951e-03,  8.2903e-02,
          4.9693e-04,  7.5607e-02,  1.0433e-02,  3.5678e-02, -9.4593e-03,
         -2.7947e-02, -9.0035e-03,  4.0734e-02,  2.8181e-02, -1.0874e-02,
          5.0469e-02,  2.7363e-02,  9.8435e-03, -2.7216e-02, -2.0125e-02,
         -7.9229e-03,  9.2155e-03,  1.4783e-02,  2.7787e-03,  2.6432e-02,
          7.0290e-05,  4.0767e-04, -6.2853e-03,  2.2976e-02, -1.9945e-02,
          2.8260e-02, -5.7341e-03, -5.3522e-03,  1.1004e-02,  1.9389e-02,
          4.2263e-02,  2.3918e-03, -1.2309e-02,  1.6474e-02,  7.3903e-03,
          2.0083e-02, -2.4908e-02,  1.6780e-02,  5.1500e-02, -1.1974e-02,
          7.5456e-02, -5.2081e-02, -1.8733e-02,  9.1840e-03,  5.7877e-03,
         -1.7117e-03, -9.5121e-03,  9.4388e-02,  3.9887e-02,  2.1666e-01,
         -4.1664e-02,  1.2203e-02,  2.4593e-02,  4.3335e-03, -7.1342e-03,
          1.5202e-02, -1.5857e-02, -2.7431e-02,  2.2228e-02, -4.8192e-02,
          1.6587e-02,  4.5759e-04,  8.1607e-02, -4.5444e-03,  9.0076e-03,
         -1.9366e-02,  8.0819e-03, -2.4244e-02,  1.9217e-02,  1.0310e-02,
          5.0874e-02,  5.5982e-03,  5.1225e-02,  6.4201e-02, -5.3178e-02,
         -1.7905e-02, -5.9499e-02, -7.7301e-02, -3.7772e-02, -3.1351e-07,
         -2.3761e-02,  1.6274e-02,  9.7451e-03, -1.6818e-02,  2.1217e-02,
         -2.9601e-03,  9.0823e-03,  3.1041e-02,  8.4750e-03,  4.8146e-02,
         -8.5785e-02, -1.0825e-03,  5.3116e-02, -7.2919e-02,  6.3979e-02,
          2.1561e-02, -1.0346e-03,  1.5300e-02, -2.9527e-02, -4.8137e-04,
         -1.0288e-01, -5.8269e-02,  2.6593e-02, -1.1482e-01, -2.0731e-02,
         -4.5791e-02, -6.2040e-02,  1.7006e-02,  8.5591e-03, -1.1135e-03,
          1.4221e-02,  3.4680e-02, -1.8332e-02,  2.0199e-02,  5.1426e-03,
         -3.2338e-03, -1.5454e-02, -6.2719e-02, -1.5761e-02,  3.5931e-02,
          5.9960e-03,  2.4631e-02,  3.2299e-03, -1.3761e-02, -4.0272e-03,
         -9.1898e-03, -2.1791e-02,  4.7911e-02,  1.8049e-02, -3.0714e-02,
         -3.1617e-02, -4.0895e-03, -9.7005e-03, -7.1137e-02, -1.4424e-02,
          8.8029e-03,  8.5086e-03, -6.3728e-03,  4.7417e-02, -1.0874e-02,
          1.7540e-02, -2.0911e-02, -4.7887e-03, -6.3904e-04, -3.8487e-02,
          9.6061e-02, -1.7802e-02, -1.5256e-02,  1.5424e-02,  3.1759e-02,
         -5.5092e-02, -6.7960e-02, -1.7390e-02,  3.3760e-02,  2.8974e-02,
          4.7004e-04, -1.6424e-02, -2.3651e-02, -2.2740e-02, -9.8048e-02,
         -2.3502e-02, -5.1014e-02, -6.7076e-03,  1.8328e-02, -4.0432e-02,
         -3.4434e-02,  6.0146e-03, -1.9389e-02,  2.2406e-02,  4.8423e-03,
         -1.4750e-02, -1.9066e-03,  1.9984e-02,  3.9271e-03,  5.2195e-02,
          6.1707e-02, -9.4391e-02, -5.1659e-02,  1.9189e-02, -1.4442e-02,
          5.8199e-03,  4.7683e-04, -4.1112e-02, -5.1739e-02,  1.9156e-02,
          4.5467e-02, -3.2440e-02,  2.3879e-02, -3.1913e-02, -5.4510e-03,
         -5.0533e-04,  3.8752e-02, -2.1379e-02, -7.5574e-03, -5.5175e-02,
         -5.6338e-02,  1.3161e-02, -4.7321e-03,  1.9392e-02,  7.7130e-03,
         -8.7362e-02,  8.4227e-03,  5.7262e-02, -3.2027e-03,  1.2971e-02,
         -2.8438e-02,  6.0057e-03,  6.4538e-02,  1.0585e-03, -9.2097e-03,
         -4.4295e-02,  4.3417e-02, -3.2534e-02, -4.9618e-02,  2.0713e-02,
         -4.4802e-02, -7.2441e-03, -2.8868e-02, -1.8308e-02, -9.0533e-03,
         -1.1431e-02, -7.4577e-02,  2.5318e-02, -9.5579e-02,  1.3712e-02,
         -2.3173e-02,  2.3324e-02,  2.6305e-02,  4.4609e-02,  1.4266e-02,
          4.1584e-02, -3.5104e-03, -1.2372e-02, -3.0842e-02,  1.0130e-02,
         -1.2262e-03,  5.1693e-02, -1.0219e-01, -2.9401e-02,  9.7606e-03,
          1.0411e-02, -6.0049e-02,  1.8728e-02, -1.1702e-02, -1.1998e-02,
          1.0580e-02, -3.2228e-03,  1.2626e-04, -4.3956e-02,  1.1908e-02,
         -2.5992e-02, -4.6548e-02,  2.6815e-02, -5.6905e-03, -2.9334e-02,
          7.2872e-02,  4.4512e-02,  8.3056e-02, -1.9756e-02,  2.2449e-03,
         -4.5420e-02, -1.0664e-03, -3.8569e-03,  1.4026e-02,  9.4890e-02,
          1.9704e-02, -7.6691e-03, -6.3388e-03,  1.5601e-02,  1.8567e-02,
         -2.9477e-04, -6.3523e-03, -2.0465e-02, -3.7443e-02,  4.9512e-02,
         -1.2663e-02,  2.8024e-03,  2.6188e-02, -1.9214e-02, -3.5598e-03,
         -3.5778e-03, -4.3961e-02,  1.0001e-02,  8.6070e-03, -1.9793e-03,
         -7.2946e-02,  9.0757e-02]], device='cuda:0', requires_grad=True)
Parameter containing:
tensor([0.6852], device='cuda:0', requires_grad=True)
Parameter containing:
tensor([[ 0.2750,  0.3705, -1.0168,  ..., -0.9020,  0.5396, -0.2150],
        [ 0.0438,  0.0248, -0.2094,  ..., -0.3010, -0.1458,  0.2819],
        [-0.1731,  0.2066,  0.0165,  ...,  0.1666, -0.3834, -0.0738],
        ...,
        [-0.8448,  0.1094, -0.6457,  ...,  1.1696,  0.1446, -0.9029],
        [ 0.7128,  1.0487, -0.5414,  ..., -0.8710,  1.0706,  0.2636],
        [-0.7372,  0.5781, -0.4055,  ..., -0.7178, -1.1308,  0.7067]],
       device='cuda:0')
Parameter containing:
tensor([[ 0.1504,  0.5623,  0.0489,  ...,  0.4099,  0.7609, -0.1079],
        [ 0.1224, -0.2241, -0.1708,  ..., -0.1127,  0.6045, -0.4448],
        [-0.2430, -0.2713, -0.2711,  ..., -0.1722,  0.1337,  0.4157],
        ...,
        [ 0.1005, -0.2122, -0.1622,  ..., -0.1854, -0.0347, -0.5222],
        [ 0.5071, -0.2539,  0.2071,  ..., -0.2461, -0.1658, -0.1950],
        [ 0.1203, -0.2138, -0.1343,  ...,  0.2033,  0.2689, -0.4853]],
       device='cuda:0', requires_grad=True)
Parameter containing:
tensor([[-3.3267e-01, -3.3529e-01, -7.3656e-03,  ...,  1.1339e-02,
          4.6384e-01,  3.1748e-02],
        [-1.2795e-01, -1.4845e-02, -5.3864e-05,  ...,  2.7477e-02,
         -3.7849e-01, -5.2915e-03],
        [ 2.8699e-01,  1.8177e-01, -4.8031e-01,  ...,  1.2716e-01,
         -2.9509e-02, -6.9321e-02],
        ...,
        [-3.2641e-03, -1.6004e-01, -1.2743e-01,  ..., -4.1779e-02,
          1.8575e-01, -1.1768e-01],
        [-5.4680e-02, -4.4304e-02, -3.0209e-02,  ..., -1.5120e-01,
          2.1161e-01, -2.7281e-02],
        [ 1.6938e-01, -6.5679e-01,  3.2167e-01,  ...,  1.7966e-01,
          6.9238e-02, -3.6468e-02]], device='cuda:0', requires_grad=True)
Parameter containing:
tensor([-0.2383,  0.0311, -0.2556,  ..., -0.2895, -0.0602,  0.1630],
       device='cuda:0', requires_grad=True)
Parameter containing:
tensor([-0.1898, -0.0341, -0.2389,  ..., -0.3077, -0.0895,  0.1643],
       device='cuda:0', requires_grad=True)
Parameter containing:
tensor([[-0.6713, -0.2565, -0.3111,  ..., -1.5486, -0.5126, -0.1565],
        [ 0.2774,  0.2632,  0.0319,  ..., -0.0928,  0.1198, -0.2314],
        [ 0.4310,  0.4010,  0.0881,  ...,  0.6323,  0.3290,  0.0933],
        ...,
        [ 0.1461, -0.0455,  0.1736,  ...,  0.7521,  0.2565,  0.1353],
        [-0.1376,  0.0565,  0.1698,  ..., -0.9442, -0.3283,  0.0355],
        [ 0.1499,  0.0374, -0.1605,  ...,  0.2486,  0.0805,  0.0540]],
       device='cuda:0', requires_grad=True)
Parameter containing:
tensor([-8.1187e-01, -6.3836e-02,  5.3378e-01,  1.7246e-01,  1.8064e-02,
        -3.7915e-02, -2.2111e-01, -9.0122e-02,  5.5845e-01, -4.0738e-01,
         5.0675e-01, -4.8250e-02, -1.4059e-01, -2.5205e-01, -2.1839e-01,
        -1.1831e-01, -2.5473e-01, -7.8493e-02,  3.6903e-01,  1.9853e-01,
        -8.4364e-01, -2.6011e-01,  4.3541e-01,  1.1268e-02, -2.7210e-01,
         2.1142e-01,  8.9627e-02,  2.8255e-01,  3.3351e-01,  7.0669e-02,
        -1.2859e-01, -1.1739e-03, -6.4098e-02, -1.5349e-01, -2.6391e-02,
        -3.8155e-01, -3.3716e-01, -5.5572e-01,  7.2271e-01,  5.6057e-02,
         1.2654e-02,  2.2072e-01, -4.0975e-01,  1.4701e-01, -3.8545e-01,
        -2.7828e-01,  1.0929e-01, -4.2794e-01,  6.8253e-01,  3.9146e-01,
        -2.6101e-01,  2.0796e-01,  7.5906e-02, -1.3401e-01,  2.1311e-01,
        -2.8996e-01, -4.0744e-01,  2.5618e-01,  6.3907e-01,  6.7288e-01,
         1.1603e-01, -2.6863e-01,  9.7785e-02, -3.3744e-02,  3.1526e-01,
         2.0399e-01,  3.8155e-01, -2.9366e-02, -6.3393e-01, -5.7566e-02,
        -2.9748e-02, -9.4701e-02,  4.8544e-01,  2.3778e-01,  2.1849e-01,
         3.2632e-01,  1.1830e-02,  5.7370e-01, -7.8942e-01,  1.6046e-01,
        -1.8677e-01,  1.7431e-01, -1.2193e-01,  2.5525e-01, -4.0218e-01,
        -8.0685e-02,  5.3182e-01, -1.6898e-01,  2.0339e-01,  2.1739e-01,
         2.4159e-01,  3.4824e-01, -1.9536e-01,  1.1880e-01,  2.0740e-01,
         1.7433e-01,  8.3017e-02, -1.8408e-02, -1.7777e-01,  5.5037e-01,
         2.7603e-01,  3.4072e-01,  3.2936e-01, -1.9099e-02,  3.3581e-01,
        -1.4730e-01,  3.6054e-01,  1.4206e-01,  2.8818e-01,  4.0707e-01,
        -3.1874e-01, -4.3580e-01,  3.2120e-01,  1.8094e-01, -9.6784e-03,
        -1.9282e-01,  9.3519e-03,  2.7170e-01,  7.5435e-02,  4.3584e-01,
         7.3075e-01,  2.4918e-02,  1.2612e-01, -3.5532e-01,  2.1982e-01,
        -2.5409e-01, -7.7280e-02, -1.7056e-01,  8.1308e-02,  1.9386e-01,
        -1.2319e-01, -9.0032e-02,  2.4054e-01, -1.8805e-01,  6.0769e-01,
        -8.4062e-02,  1.5944e-01, -2.0622e-01,  3.4455e-01, -6.0031e-01,
         3.5346e-01,  4.7973e-04, -1.1445e-01,  1.8118e-01,  5.5722e-01,
         2.4202e-01,  2.5645e-01,  4.1981e-01,  1.3523e-01, -2.1339e-01,
         3.7476e-01,  1.4024e-02, -1.6455e-02, -3.4031e-01, -2.2798e-01,
        -4.5898e-02, -1.5155e-01,  1.7965e-02,  5.5665e-01, -3.5984e-01,
         2.8611e-01, -5.0300e-01,  1.5349e-01, -3.3798e-01,  8.5265e-01,
         5.2933e-02,  1.0135e-01,  1.1438e-01,  1.5286e-02,  2.2657e-01,
         1.3439e-01,  3.0547e-01, -1.4111e-01, -2.6803e-01, -2.3088e-01,
        -2.6944e-02, -5.2943e-01, -2.3895e-01, -4.8328e-01, -3.2407e-01,
         3.1436e-02,  3.4679e-01,  5.1604e-01, -1.5269e-03, -1.0341e-01,
         1.9459e-01,  2.6595e-01,  9.3915e-02,  5.2649e-01, -3.3076e-01,
        -1.9328e-01,  1.5251e-01,  2.1462e-01,  4.7596e-01,  2.2963e-01,
         4.2737e-01,  4.1659e-01,  2.3321e-01, -2.9129e-01, -1.0478e-01,
        -1.4088e-02, -2.1524e-01, -1.1617e-02,  1.2398e-01, -4.5829e-01,
        -2.4718e-01, -1.6274e-01, -1.6118e-01,  1.1853e-01, -3.5805e-01,
         3.7613e-01, -2.9624e-01,  6.3858e-01,  2.2080e-01, -3.6618e-01,
        -2.4715e-01, -2.3133e-01, -8.2113e-02, -4.1243e-01, -1.4728e-01,
        -4.8378e-01, -1.2332e-01, -3.1843e-01,  2.7123e-02,  3.1743e-01,
        -5.7319e-01,  4.5716e-01, -3.1120e-01,  4.0244e-01,  8.8570e-02,
        -3.3630e-01, -1.3214e-01,  3.4427e-01, -1.7802e-01, -3.9869e-01,
        -3.7587e-02,  1.3475e-01,  1.3166e-02, -1.4971e-01,  2.0195e-01,
         3.8868e-01, -3.6045e-01, -1.1745e-01, -9.1747e-02,  2.3785e-01,
        -2.0447e-01,  1.2914e-01, -3.4233e-01,  8.6808e-02,  1.8534e-01,
         3.5484e-01,  2.8355e-01, -7.3642e-01, -1.4381e-01, -1.3334e-01,
         8.5917e-02,  3.7889e-01,  6.9848e-02, -9.6891e-02,  4.3089e-02,
        -8.6158e-02,  6.0286e-01, -4.7058e-02, -4.5603e-01,  2.2305e-01,
         2.8296e-01,  3.4618e-01, -4.7518e-01, -2.6497e-01,  2.8553e-01,
         1.9383e-01, -5.8602e-01, -4.2200e-01,  3.1126e-01, -1.9558e-01,
        -5.8364e-02, -3.0454e-01, -2.4399e-01, -2.0369e-01, -2.2719e-01,
        -2.8086e-01, -6.4343e-01,  2.4600e-02, -1.6566e-01,  7.4013e-03,
        -8.6596e-02,  2.4336e-02,  2.9338e-01,  1.7008e-01,  4.0480e-02,
         2.9873e-01,  4.2189e-01, -5.3225e-01,  2.3670e-01, -5.2286e-01,
         1.1183e-01, -1.5401e-01, -3.5444e-01, -5.0207e-02, -4.2451e-01,
        -1.4000e-01, -2.3762e-01, -5.1150e-01,  8.4573e-02, -1.2832e-01,
        -3.4452e-01, -1.5994e-01,  3.5475e-01, -1.2793e-01,  2.9814e-02,
         2.4113e-01,  3.6783e-02,  4.4298e-01, -6.7989e-01,  3.0628e-01,
        -3.5010e-01, -2.5835e-01, -1.5645e-01,  2.8822e-01,  1.7065e-01,
         2.9741e-01,  3.5799e-01,  3.9115e-01,  1.9352e-01,  1.4592e-01,
         1.3570e-01,  7.9120e-01,  3.2004e-01,  1.4222e-01,  2.7713e-01,
        -2.5684e-01,  4.7760e-01,  2.4851e-01,  2.0559e-01,  1.2177e-01,
        -4.5843e-01, -2.6634e-01,  7.1295e-01, -2.6357e-01, -3.9017e-01,
         5.2300e-01,  1.8519e-01,  2.4547e-01,  5.1310e-01, -5.0308e-01,
         7.8705e-01,  5.8971e-02,  1.4504e-01, -4.9347e-01, -1.1490e-01,
         2.4011e-01,  2.2043e-01, -1.3754e-01,  4.0741e-01, -1.6032e-01,
        -2.6405e-01,  2.5582e-01,  4.0496e-01,  7.0223e-02, -2.3101e-01,
         5.6663e-01, -4.0464e-01,  6.0777e-02,  3.0539e-01,  1.6656e-01,
         1.0093e-02,  8.4945e-02, -6.3057e-01,  1.7087e-01,  2.2521e-01,
        -4.2686e-01, -7.4120e-01, -4.9919e-01,  1.3398e-01,  1.1349e-02,
         1.9463e-01,  2.7928e-01,  1.8485e-01, -3.4279e-01,  1.3800e-01,
        -2.9530e-01,  6.4456e-02, -2.5856e-01,  3.7096e-01,  4.2475e-01,
        -1.1861e-01,  6.4640e-01, -6.7255e-01,  7.9777e-02,  1.2213e-01,
        -4.8826e-02, -3.3576e-01, -2.5518e-01, -1.5743e-01,  5.2084e-01,
         4.8879e-01, -4.3359e-01,  1.5181e-01,  6.3958e-01,  5.8456e-01,
        -8.4197e-02,  3.7974e-01,  2.4929e-01,  1.6075e-01,  6.1615e-01,
         5.1533e-01,  5.4920e-01,  4.9525e-02,  7.4174e-02,  1.0567e-01,
        -1.7074e-01,  4.9588e-01, -2.4280e-01, -6.0541e-01, -7.6616e-01,
        -1.5108e-02,  3.1708e-01,  1.0402e-01, -2.1229e-01,  2.1577e-01,
        -5.8944e-04,  4.2350e-01, -4.4903e-01,  2.1241e-01, -2.2998e-01,
         3.0991e-01, -3.1489e-01, -4.8750e-03,  1.6823e-01, -5.5175e-01,
         1.2282e-01, -3.4193e-01, -1.5500e-01, -2.6854e-01,  4.2952e-01,
         1.8922e-01,  3.1390e-01, -2.0563e-01, -9.3521e-02, -4.5047e-01,
        -1.5731e-01, -2.5250e-01,  2.0578e-01,  1.1185e-01,  2.3346e-01,
        -2.4644e-01, -6.9159e-01, -2.6106e-02,  4.6929e-01, -3.0880e-01,
        -3.4078e-01,  3.9626e-01,  1.4578e-02,  1.0558e-01,  7.3887e-02,
         3.2060e-01,  1.0744e-02, -3.2649e-01, -1.4771e-01,  1.8689e-03,
         2.2151e-01,  1.9544e-01, -6.2453e-02,  4.0981e-01,  3.7696e-01,
        -6.9470e-01,  3.9938e-03, -1.0786e-01,  1.3581e-01, -4.6775e-01,
         6.5606e-01,  1.4385e-02, -5.5394e-01, -5.1687e-01,  4.3622e-01,
        -2.8607e-01,  4.5718e-01, -3.8058e-02, -7.3752e-01, -7.6232e-02,
        -6.3787e-01, -1.4512e-01,  2.9593e-01, -5.4771e-01,  1.3376e-01,
        -2.0965e-02,  1.8953e-01, -3.6030e-01,  4.1612e-01,  3.4125e-01,
         3.0672e-01, -4.2970e-01,  8.5499e-02, -7.4691e-02, -1.0621e-01,
        -5.1425e-01, -1.2175e-01,  3.3704e-01, -3.7034e-01, -2.7358e-01,
         1.0947e-01,  5.1970e-01,  1.0078e-02,  2.2617e-01,  1.9614e-01,
         7.5925e-03, -3.9911e-01,  9.0296e-02, -1.5891e-01,  4.3163e-01,
        -3.6683e-01,  2.5732e-01], device='cuda:0', requires_grad=True)
Parameter containing:
tensor([[-3.3542e-01, -6.0520e-02, -1.4090e-02,  ..., -2.0408e-01,
         -2.2267e-01, -6.7324e-02],
        [-1.0701e-01, -1.6213e-01, -9.6082e-02,  ..., -8.3355e-02,
         -9.1093e-02, -1.6473e-01],
        [ 8.1760e-03, -5.7342e-02, -7.0930e-02,  ...,  4.5969e-03,
         -6.0992e-02, -3.6941e-02],
        ...,
        [ 1.0547e-01,  7.4619e-02,  1.0554e-01,  ...,  2.8208e-01,
          2.5590e-01,  1.6163e-01],
        [-7.3282e-03, -1.4819e-02,  1.3433e-02,  ...,  1.3170e-02,
          2.4263e-02, -2.9929e-04],
        [-6.3050e-03,  4.1794e-02, -1.3575e-02,  ...,  2.3308e-02,
          2.2014e-02,  2.0855e-02]], device='cuda:0', requires_grad=True)
Parameter containing:
tensor([-1.1386e-01, -2.0648e-01, -3.8993e-02,  1.9631e-01,  1.3099e-01,
         2.2556e-03,  2.3619e-03,  2.3724e-02,  9.2955e-02, -1.1278e-01,
        -1.1302e-02, -3.8406e-02, -1.2943e-02, -5.3722e-02, -1.3164e-01,
         4.1577e-03, -2.7613e-01,  1.2439e-01,  1.0820e-02,  1.9630e-01,
        -1.5183e-01,  3.1026e-02,  5.1409e-02, -1.3454e-01,  3.9753e-03,
        -6.6105e-02, -1.1166e-01,  5.8941e-02,  6.5767e-03, -1.7908e-01,
         6.1919e-02, -1.1627e-02,  9.9620e-02, -1.7131e-01, -1.8044e-01,
         3.4248e-02,  2.8719e-02,  1.3510e-03, -1.3026e-01, -1.1563e-02,
         2.3773e-02, -7.6510e-02, -4.6259e-03, -1.0958e-01,  4.4606e-02,
         5.7122e-02, -1.1416e-01,  1.8171e-01,  5.1857e-02, -1.6165e-01,
        -4.6912e-02, -1.2327e-03,  5.7275e-02, -3.4709e-02,  2.8417e-01,
         6.8514e-02, -2.8207e-02,  4.3463e-03,  2.6133e-02,  2.1078e-02,
        -4.8070e-02,  5.4965e-02, -9.0752e-02, -8.3278e-02, -5.2940e-02,
        -5.7790e-02, -1.8975e-02, -2.8545e-02, -1.6603e-02, -5.8091e-02,
        -8.5676e-02,  1.5280e-01,  5.8046e-03, -6.4027e-02,  7.1712e-02,
         2.2807e-02,  7.2808e-03,  6.8354e-02, -1.7003e-02, -1.6921e-02,
         7.3255e-02, -1.0567e-02, -9.8559e-03, -5.5543e-02,  6.2603e-03,
        -6.4254e-02,  2.1997e-03,  1.6758e-02, -4.4657e-02, -9.4175e-03,
         7.8735e-02,  3.5417e-02,  1.0183e-01, -6.4336e-03,  2.9987e-02,
        -8.5548e-02,  6.1913e-02,  1.1950e-01,  1.0425e-01,  1.5643e-01,
         2.7916e-02,  1.1540e-01,  1.9269e-02,  4.5199e-02,  1.8894e-02,
         5.1683e-03, -1.1640e-01, -1.0518e-02, -5.1287e-03,  1.1134e-01,
        -8.4034e-02, -3.0480e-02, -3.9648e-02,  5.2028e-02,  1.7678e-01,
         1.6889e-02, -1.1560e-01,  3.6772e-02,  1.3376e-01, -2.6536e-02,
         9.8640e-02,  9.5076e-02,  2.5629e-02, -2.0398e-01,  1.3814e-01,
        -1.5437e-02, -2.6989e-01,  6.3503e-03, -6.0645e-02, -7.9229e-02,
         4.6673e-02,  1.6764e-01, -1.3371e-02, -4.1408e-02,  2.6616e-02,
         2.9407e-02,  2.5108e-03, -1.1243e-02,  1.0844e-02,  2.4370e-02,
        -5.6900e-02, -5.7210e-02,  5.0170e-02,  5.3970e-02,  7.3745e-02,
         9.5715e-04,  5.3357e-03,  1.9289e-02, -1.2503e-02,  5.7523e-03,
         3.1558e-02, -5.6161e-02, -4.8143e-02, -7.8723e-03, -2.1630e-01,
         2.9128e-02, -1.5527e-02,  1.6005e-03,  6.2421e-02,  3.8796e-02,
        -2.2959e-02,  4.1426e-04,  4.4880e-02,  7.7575e-02,  1.0391e-02,
        -3.1369e-02, -5.2357e-02, -2.0369e-02,  2.6560e-02, -2.0469e-02,
        -3.7911e-02,  4.3683e-03,  7.8497e-02,  1.2201e-01, -3.3176e-02,
        -1.3611e-02,  1.8484e-02, -3.9800e-02, -1.3005e-01,  6.1281e-03,
         2.5552e-02,  5.1032e-02, -5.8094e-02,  2.1651e-02,  5.5855e-02,
         6.1105e-02,  4.6425e-03,  8.5259e-02,  1.6763e-01,  1.3175e-01,
        -1.6460e-02, -1.5856e-01, -9.9614e-02, -6.0311e-02, -6.2924e-02,
        -2.5420e-03,  1.1711e-02, -6.4623e-02, -2.7115e-02,  2.5212e-02,
         4.6376e-02, -8.6331e-03, -2.4948e-03,  5.6431e-02, -1.6380e-02,
        -1.9567e-02, -3.6900e-02,  6.3290e-02, -2.9216e-02, -1.0736e-01,
        -4.7049e-04,  1.5216e-02, -2.6784e-02, -1.4168e-02,  5.3386e-02,
        -1.0104e-01,  1.0199e-02,  5.5611e-02, -3.9344e-02, -4.0795e-02,
         2.6845e-02, -6.3537e-02,  4.7063e-02,  2.2021e-02,  3.3405e-02,
        -8.5412e-03, -5.6578e-02, -1.8025e-02, -1.4134e-02, -3.7252e-02,
         8.8117e-03, -5.9724e-02, -2.2684e-02, -5.5542e-02,  1.2260e-01,
        -1.3364e-02, -1.2006e-01, -6.0056e-03, -2.7943e-02,  7.8852e-03,
        -1.4193e-01,  3.1704e-02,  5.7023e-03, -1.1161e-01, -1.6096e-01,
        -3.3697e-02,  9.5921e-03,  9.9005e-02, -1.5180e-02,  1.5812e-01,
        -2.6676e-02,  1.0403e-01,  1.8131e-02,  1.0877e-02, -1.6091e-02,
         1.8915e-02,  5.4679e-02, -8.0994e-02, -8.5956e-02,  5.0512e-02,
         6.6912e-02,  4.3484e-02,  7.8674e-02,  1.1515e-01,  1.9915e-02,
        -7.1021e-02,  7.7719e-02, -8.8303e-02, -2.4232e-02, -9.6402e-02,
        -1.0086e-01, -1.8621e-01, -6.1631e-02,  1.2865e-03,  1.1214e-01,
        -3.8468e-02, -7.3792e-02, -2.1820e-02, -8.0831e-03, -1.0121e-01,
         8.6574e-02, -2.8719e-02, -1.4947e-02, -2.1136e-02,  4.4804e-02,
        -6.1990e-03, -9.2383e-02, -7.8921e-02, -5.4044e-02,  1.9272e-01,
        -2.0691e-01,  2.8277e-02,  1.0547e-01, -3.2936e-02, -3.9654e-02,
         1.9793e-03,  2.2267e-03,  8.1374e-02,  6.3167e-02,  1.0266e-01,
         8.6940e-03,  1.3681e-02, -3.6438e-02, -1.2435e-02,  8.1086e-03,
         5.8942e-02,  6.6811e-02,  2.5317e-02, -2.5782e-03, -4.8834e-01,
         1.2215e-01, -3.2815e-02,  9.0472e-02, -4.8098e-03, -2.5899e-02,
        -1.5065e-02, -7.2174e-02, -4.2613e-02,  5.1078e-02, -3.5165e-01,
         2.5853e-02,  1.4479e-01,  4.3915e-02, -7.7641e-02,  2.7068e-02,
        -6.1023e-04, -7.2636e-02, -1.9336e-01,  5.8743e-02,  1.5710e-01,
         1.2820e-01, -1.0183e-02,  8.3226e-02,  1.0078e-01, -3.0994e-03,
        -2.4906e-02, -1.9571e-01,  5.8695e-02,  1.1563e-01,  9.8374e-03,
         5.9241e-03, -2.8210e-02,  1.8612e-02,  3.5389e-01, -5.0693e-02,
         4.3518e-02,  1.5750e-03,  3.1228e-02, -3.0787e-02,  1.6202e-01,
        -3.1477e-02,  1.5988e-01,  2.2004e-01,  9.2563e-02,  3.7887e-02,
        -1.1684e-01, -5.2300e-02,  4.9540e-02, -8.5741e-02,  2.0844e-02,
        -1.0763e-01, -2.0745e-02,  7.4219e-06,  3.5320e-03, -4.4089e-01,
        -1.4524e-01, -1.9739e-02, -4.4489e-02, -4.2274e-02,  2.2578e-03,
         2.5846e-02, -2.7085e-01,  4.0564e-02, -4.2295e-01,  1.8396e-02,
         7.9187e-03, -6.0957e-02,  6.1283e-02,  6.7046e-02,  4.6063e-02,
         6.8389e-02, -2.0580e-01,  4.8441e-02, -7.4849e-02,  1.0408e-01,
         6.6935e-02,  3.1969e-02, -9.3396e-02,  5.2023e-03, -2.7756e-03,
         1.6071e-02,  5.5789e-02, -3.3325e-02,  2.1549e-02, -1.3604e-01,
         3.8481e-03, -1.4358e-02, -5.4301e-02, -4.4374e-03, -3.2086e-02,
         3.0297e-02,  2.1968e-02, -3.6026e-02,  7.1803e-02,  1.8270e-02,
         5.2883e-02, -2.5193e-02,  4.9717e-02,  1.2216e-01, -2.7795e-02,
        -2.9425e-01, -1.2605e-02, -3.4371e-02,  1.9093e-02, -4.2998e-02,
         1.2834e-01, -1.0330e-01,  6.1288e-02,  6.3670e-02,  1.9993e-03,
         8.8117e-02,  5.6028e-02,  2.4091e-02,  4.9209e-03,  1.1504e-02,
         9.9052e-02,  4.6204e-02, -8.9227e-02, -4.1069e-02,  2.0000e-01,
         1.5780e-02, -3.3308e-01,  9.1812e-03, -2.2778e-02, -3.4707e-02,
         1.7103e-02, -5.8007e-02,  5.8648e-03, -5.3403e-03, -2.8338e-02,
        -5.5156e-02, -3.1727e-02, -3.9740e-02,  2.0566e-01, -4.8393e-04,
        -9.9075e-03, -1.3717e-01, -1.2010e-02,  1.8063e-01, -2.4404e-03,
        -7.8824e-02,  3.6368e-02, -1.0437e-01,  4.6302e-02, -2.4666e-02,
        -1.3795e-02,  3.9674e-02, -2.8985e-02, -4.0510e-02, -1.2422e-02,
        -4.0629e-02, -3.2844e-02, -8.4351e-04,  7.4551e-02, -2.0635e-02,
        -1.0391e-01, -1.3808e-02, -1.0583e-01,  5.6711e-03,  2.4487e-01,
        -4.8571e-02,  1.2371e-01, -6.2539e-02, -3.1400e-02, -4.6962e-02,
        -2.0488e-02, -7.5321e-02, -3.3521e-02, -1.9404e-02, -1.4320e-02,
         7.1739e-03,  1.2588e-02, -1.0089e-01, -1.2878e-01, -7.9528e-02,
         1.1427e-01,  2.8687e-02, -1.8670e-01,  7.3665e-02, -3.2613e-02,
         4.6446e-02, -1.8735e-03, -4.1815e-02, -9.6484e-03, -3.9594e-01,
        -2.5791e-01,  1.5749e-02,  3.5193e-02, -1.8762e-02,  3.2499e-01,
         5.7040e-02, -5.6122e-02,  2.1978e-01,  1.3777e-01, -2.8390e-01,
        -9.4232e-02,  4.3123e-02, -3.6106e-02,  1.3727e-01,  7.4072e-02,
         9.3163e-03,  1.2122e-02], device='cuda:0', requires_grad=True)
Parameter containing:
tensor([[ 0.7031,  0.2626, -0.2283,  ..., -0.5186, -0.1089,  0.1316],
        [-0.3732,  0.3495,  0.1297,  ..., -0.3650, -0.0447, -0.0138],
        [-0.2098,  0.4191, -0.0270,  ..., -0.1488, -0.2782,  0.1412],
        ...,
        [ 0.1951, -0.0355,  0.1020,  ..., -0.2104,  0.9390, -0.2744],
        [ 0.7674,  0.3534,  0.0533,  ..., -0.7306,  0.3400, -0.5855],
        [ 1.2141, -0.0107,  0.3803,  ...,  0.5996,  0.4114, -0.3595]],
       device='cuda:0', requires_grad=True)
Parameter containing:
tensor([-0.5860, -0.2656, -0.3441,  ..., -0.3161, -1.3984, -0.7772],
       device='cuda:0', requires_grad=True)
Parameter containing:
tensor([[ 0.9500,  0.9443, -1.1299,  ..., -0.9870, -0.0425, -0.0893],
        [ 0.6677,  0.5583, -0.2004,  ..., -0.4542, -0.2808, -0.1028],
        [ 1.7061,  0.9269, -0.6192,  ..., -1.2111, -0.2034, -0.1548],
        ...,
        [ 0.9023,  0.7894, -0.4488,  ..., -0.3115, -0.1127, -0.1763],
        [ 0.8695,  0.9298, -0.7188,  ..., -0.9245, -0.0278, -0.1031],
        [ 0.4924,  0.5050, -0.1874,  ..., -0.4870, -0.3010, -0.0032]],
       device='cuda:0', requires_grad=True)
Parameter containing:
tensor([-11.3926,   3.3360,   0.6002,  ...,   1.8559, -11.1710,   3.0432],
       device='cuda:0', requires_grad=True)
